0 0 0 0 0 0 0 1
1 -0.000831689 0.00116977 0.000106772 -0.00570664 -0.00359984 -0.00169213 0.999976
2 -0.00129069 -0.000746817 -0.000351356 -0.00693275 -0.00170544 0.00396442 0.999967
3 0.000970412 0.00702826 -0.00511678 -0.0157352 0.0115056 0.0170034 0.999665
4 0.00335959 0.00527744 -0.00425815 -0.0220378 0.0118885 0.018696 0.999512
5 0.00579262 0.00220194 -0.00502764 -0.0258908 0.00971262 0.0145278 0.999512
6 0.0113752 0.0105497 -0.00478352 -0.0286099 0.0202082 0.00793359 0.999355
7 0.0139686 0.0161358 -0.00456573 -0.0289401 0.0236101 0.00976149 0.999255
8 0.0161179 0.0109305 -0.00275205 -0.0224493 0.0253161 0.0172434 0.999279
9 0.0128905 0.0127547 -0.00170817 -0.0216365 0.0270647 0.0185548 0.999227
10 0.0126499 0.00998203 -3.8622e-05 -0.0243086 0.0287373 0.0252699 0.998972
11 0.0148486 0.0108273 0.000357573 -0.0262848 0.0335826 0.0251014 0.998775
12 0.020144 0.00727719 0.00174088 -0.0222569 0.0444115 0.0214147 0.998536
13 0.0251201 0.011985 0.00542357 -0.020488 0.0522813 0.0191113 0.998239
14 0.039275 0.0080961 0.0077481 -0.0197694 0.0686724 0.010159 0.997392
15 0.0379757 0.00812947 0.00778672 -0.0205125 0.0764525 0.00283357 0.996858
16 0.0464187 0.0110915 0.00949687 -0.0231949 0.0900751 -0.00429783 0.995656
17 0.0586631 0.0127588 0.012483 -0.0249055 0.1044 -0.0070913 0.994198
18 0.0618639 0.0171855 0.0150863 -0.0261454 0.112058 -0.00651837 0.993336
19 0.0602589 0.0181214 0.0129984 -0.0254783 0.122896 -0.0120971 0.992019
20 0.0692903 0.0170292 0.0146967 -0.0264227 0.134171 -0.0190023 0.990424
21 0.0726317 0.013305 0.0158252 -0.0272344 0.134126 -0.0200754 0.990387
22 0.0603976 0.0209724 0.0178646 -0.0332582 0.118988 -0.0159193 0.992211
23 0.0703572 0.0277771 0.0234495 -0.033502 0.135116 -0.0221372 0.990016
24 0.0806651 0.0230965 0.028572 -0.0284388 0.145585 -0.0242461 0.98864
25 0.0736419 0.0180834 0.0215198 -0.0252316 0.15262 -0.0286846 0.987546
26 0.078471 0.0201286 0.0243325 -0.0244074 0.159865 -0.0304815 0.986366
27 0.088994 0.0198085 0.0328676 -0.0194594 0.165953 -0.0315781 0.985436
28 0.0887356 0.0200905 0.0409721 -0.0185637 0.166949 -0.0394447 0.985001
29 0.0941024 0.0211265 0.0420881 -0.0192772 0.176671 -0.0451543 0.983045
30 0.0938204 0.0289331 0.0510767 -0.0247524 0.177776 -0.043531 0.982796
31 0.0927812 0.0296411 0.0501261 -0.0198375 0.183337 -0.0457136 0.981786
32 0.101394 0.023646 0.0539232 -0.0086171 0.19698 -0.047105 0.979237
33 0.109263 0.0195692 0.0600428 0.00108763 0.211128 -0.0494999 0.976204
34 0.121616 0.0135265 0.0678194 0.0100394 0.226924 -0.0507075 0.97254
35 0.115618 0.0206855 0.0663663 0.0103497 0.230431 -0.06028 0.971165
36 0.124327 0.018107 0.0744761 0.0134769 0.240812 -0.0564874 0.968833
37 0.127303 0.016428 0.0793695 0.0112676 0.247944 -0.0503283 0.967401
38 0.136186 0.0150302 0.0850913 0.0115299 0.25381 -0.0433185 0.966215
39 0.135188 0.0195467 0.0850748 0.00724665 0.261137 -0.0478306 0.964089
40 0.143541 0.0242597 0.0903433 0.0034045 0.274365 -0.0472271 0.960459
41 0.149654 0.0188028 0.0929676 0.00600116 0.279045 -0.0417451 0.959351
42 0.152734 0.0234003 0.0975069 0.000968131 0.279497 -0.0412036 0.959262
43 0.151603 0.0270062 0.0994879 -0.000891017 0.283263 -0.0512788 0.95767
44 0.151831 0.0283935 0.0994811 -0.00270519 0.290138 -0.0531522 0.955504
45 0.151486 0.0265402 0.10014 -6.16432e-05 0.289721 -0.0532409 0.955629
46 0.16355 0.0284107 0.110262 0.000450133 0.30896 -0.0615493 0.949081
47 0.167131 0.0301583 0.11467 -0.00231145 0.313082 -0.0634479 0.947602
48 0.166719 0.0308807 0.113807 -0.00221815 0.310066 -0.0641208 0.948548
49 0.166826 0.0305862 0.113781 0.000792961 0.310318 -0.066872 0.948278
50 0.171983 0.0305447 0.118357 0.00256568 0.321165 -0.071641 0.944306
51 0.17833 0.0348082 0.12799 -0.00110118 0.340104 -0.0762945 0.937287
52 0.182374 0.0381489 0.131141 -0.00651007 0.345744 -0.0739965 0.935384
53 0.185613 0.0408681 0.133734 -0.00731751 0.348409 -0.0763578 0.934199
54 0.186732 0.0419277 0.134744 -0.00927612 0.350418 -0.0767727 0.933396
55 0.187617 0.0446765 0.134695 -0.0117253 0.354091 -0.0822672 0.931512
56 0.191177 0.0472007 0.136692 -0.0142132 0.360091 -0.0843274 0.928989
57 0.197759 0.0496248 0.142828 -0.0153741 0.369985 -0.0826483 0.925227
58 0.194402 0.0461199 0.132977 -0.0127536 0.359468 -0.078777 0.929739
59 0.195619 0.0463121 0.134573 -0.0125421 0.362839 -0.0877664 0.927625
60 0.207621 0.0530325 0.150377 -0.0164099 0.383703 -0.0940488 0.918508
61 0.210701 0.0536682 0.152102 -0.0148254 0.396627 -0.0979125 0.912623
62 0.219817 0.0552611 0.160389 -0.0150144 0.410373 -0.10007 0.906286
63 0.22636 0.0554182 0.165696 -0.0161292 0.417595 -0.101718 0.902778
64 0.224266 0.0561723 0.161642 -0.0173759 0.422295 -0.10522 0.900163
65 0.230364 0.0585544 0.165218 -0.0173592 0.433329 -0.105553 0.894865
66 0.242209 0.0598543 0.180809 -0.0166583 0.45135 -0.10503 0.885988
67 0.247942 0.0624665 0.191628 -0.0178465 0.465698 -0.107109 0.878257
68 0.248192 0.0632669 0.192405 -0.0165565 0.477889 -0.110939 0.871229
69 0.250619 0.0648559 0.194893 -0.0169641 0.483089 -0.111128 0.868325
70 0.261995 0.0651103 0.215273 -0.0131992 0.508802 -0.109391 0.853803
71 0.261959 0.0637481 0.214758 -0.00832666 0.522152 -0.111189 0.845532
72 0.264685 0.0675476 0.225308 -0.0153592 0.534165 -0.106766 0.838471
73 0.265328 0.0737504 0.234821 -0.0216097 0.544228 -0.106042 0.831928
74 0.265394 0.080837 0.246897 -0.02689 0.558972 -0.104957 0.822077
75 0.264606 0.081448 0.249635 -0.0283405 0.5706 -0.10515 0.813976
76 0.270751 0.0788576 0.253411 -0.0212232 0.575409 -0.110778 0.810051
77 0.266942 0.0840033 0.255554 -0.0236302 0.582523 -0.109618 0.805042
78 0.266547 0.0859103 0.264067 -0.0250235 0.589851 -0.102264 0.80062
79 0.271769 0.0836224 0.278278 -0.0172548 0.601134 -0.104722 0.792069
80 0.271533 0.0855571 0.279624 -0.01364 0.612246 -0.105381 0.783494
81 0.271915 0.0860734 0.284415 -0.00938005 0.618236 -0.108791 0.778371
82 0.278779 0.083032 0.288648 -0.000466012 0.62482 -0.111805 0.772722
83 0.278855 0.0829951 0.288622 -0.000491358 0.624829 -0.111829 0.772711
84 0.284552 0.0806381 0.289469 0.00483303 0.626754 -0.11471 0.770713
85 0.287336 0.0800909 0.291295 0.00815392 0.628593 -0.11815 0.768664
86 0.287439 0.0800646 0.291254 0.00812859 0.628577 -0.118189 0.768672
87 0.289704 0.0805546 0.292261 0.00855404 0.628518 -0.119992 0.768436
88 0.292097 0.0810726 0.290753 0.00965502 0.627703 -0.120919 0.768944
89 0.296167 0.0779341 0.288419 0.0122247 0.625563 -0.11784 0.771126
90 0.297264 0.0765258 0.287964 0.0114461 0.624146 -0.118209 0.772229
91 0.29992 0.0775502 0.285456 0.0101902 0.623325 -0.117855 0.772963
92 0.310932 0.0741718 0.286074 0.0161298 0.627642 -0.115676 0.769691
93 0.311255 0.0819156 0.290231 0.0152143 0.630408 -0.122131 0.766446
94 0.314528 0.0831619 0.289684 0.0150814 0.630912 -0.120985 0.766215
95 0.319159 0.0790447 0.288523 0.0180516 0.631501 -0.122087 0.76549
96 0.325441 0.0735203 0.28812 0.0204548 0.631044 -0.115699 0.766798
97 0.329087 0.0725607 0.291402 0.0224827 0.633671 -0.119359 0.764009
98 0.331869 0.071031 0.288251 0.0227208 0.63178 -0.120209 0.765433
99 0.334572 0.0713855 0.287037 0.0214441 0.630945 -0.121644 0.765931
100 0.336261 0.0732731 0.289233 0.018637 0.632782 -0.123258 0.764229
101 0.35264 0.0670337 0.29007 0.02409 0.635927 -0.122939 0.761513
102 0.356336 0.0654144 0.284714 0.0239105 0.633269 -0.122889 0.763739
103 0.361392 0.0697937 0.300156 0.0323377 0.646347 -0.135389 0.75024
104 0.368407 0.0651772 0.297865 0.0344633 0.647561 -0.132722 0.749574
105 0.369815 0.063914 0.297396 0.0292498 0.647814 -0.129655 0.750114
106 0.374641 0.0680074 0.304209 0.0294309 0.652185 -0.134737 0.745409
107 0.377867 0.0678913 0.303226 0.0272195 0.653423 -0.135824 0.74421
108 0.383769 0.0683063 0.302337 0.0256463 0.652759 -0.137345 0.74457
109 0.381517 0.0740917 0.298648 0.019889 0.650317 -0.139297 0.746518
110 0.387903 0.0708621 0.297082 0.0221094 0.652055 -0.137608 0.745252
111 0.395437 0.0719569 0.308152 0.0258237 0.660057 -0.143036 0.73702
112 0.39506 0.0740167 0.304927 0.020979 0.657765 -0.141215 0.73957
113 0.39513 0.0744566 0.302949 0.0198035 0.659863 -0.138294 0.738284
114 0.396707 0.0757958 0.299837 0.0218943 0.660161 -0.141724 0.737308
115 0.400479 0.0735959 0.304386 0.0214339 0.662554 -0.138646 0.735758
116 0.402535 0.0734951 0.305619 0.0202723 0.664255 -0.138431 0.734296
117 0.406298 0.0712781 0.303593 0.0223051 0.663673 -0.139297 0.7346
118 0.409637 0.0733686 0.309833 0.0211666 0.668361 -0.140736 0.730096
119 0.412076 0.0743445 0.308852 0.0173567 0.668203 -0.139103 0.730653
120 0.414196 0.0754445 0.307191 0.0165913 0.668753 -0.141659 0.729676
121 0.416585 0.0757838 0.30738 0.0183304 0.670293 -0.144134 0.727734
122 0.419981 0.0725078 0.306997 0.0185205 0.671003 -0.142875 0.727323
123 0.423176 0.0747111 0.309081 0.0147482 0.672246 -0.144582 0.725923
124 0.425729 0.0790792 0.311329 0.0147118 0.67353 -0.147483 0.724148
125 0.428882 0.0779595 0.311508 0.0151968 0.674569 -0.148008 0.723063
126 0.431542 0.0787417 0.311914 0.01426 0.674694 -0.150441 0.722463
127 0.433839 0.0800237 0.307175 0.00887009 0.672479 -0.148012 0.725111
128 0.439229 0.0775913 0.30974 0.0106798 0.67548 -0.15294 0.721265
129 0.442984 0.0821344 0.311555 0.00941942 0.677439 -0.153536 0.719315
130 0.44833 0.0810004 0.312918 0.0114727 0.679496 -0.15576 0.716863
131 0.450858 0.0843515 0.316757 0.0104022 0.682539 -0.15757 0.713585
132 0.454876 0.0831581 0.319344 0.011381 0.683882 -0.158104 0.712165
133 0.457069 0.08312 0.31894 0.0126583 0.684222 -0.158496 0.71173
134 0.457772 0.083253 0.318843 0.0135837 0.684424 -0.157966 0.711636
135 0.459391 0.08156 0.317537 0.0152538 0.683416 -0.158925 0.712357
136 0.458643 0.0820916 0.3184 0.0152181 0.684793 -0.158488 0.711132
137 0.455995 0.0829055 0.319531 0.0128134 0.684657 -0.157245 0.711586
138 0.464654 0.0765437 0.322468 0.0205073 0.687665 -0.156582 0.708646
139 0.465475 0.0761507 0.323363 0.0212055 0.688585 -0.15711 0.707614
140 0.466218 0.0773164 0.319129 0.0211043 0.687046 -0.156996 0.709136
141 0.465595 0.0763616 0.323714 0.0213452 0.689181 -0.156655 0.70713
142 0.466177 0.0764623 0.32003 0.0213498 0.687702 -0.156432 0.708618
143 0.46494 0.07616 0.323831 0.0220181 0.689315 -0.156866 0.706933
144 0.465306 0.0759928 0.323558 0.0223276 0.689264 -0.156641 0.707022
145 0.46553 0.0727567 0.322037 0.0245348 0.689574 -0.153818 0.707267
146 0.46525 0.0717932 0.319022 0.0260754 0.688906 -0.155256 0.707548
147 0.464069 0.0717595 0.319449 0.0264238 0.690936 -0.155706 0.705454
148 0.46453 0.0715286 0.319741 0.026091 0.691517 -0.155492 0.704944
149 0.46449 0.0710343 0.323714 0.0266513 0.695149 -0.154951 0.701461
150 0.464258 0.0709478 0.320664 0.0256435 0.695431 -0.154746 0.701264
151 0.463596 0.0739177 0.324387 0.0239701 0.698163 -0.155131 0.698518
152 0.463215 0.0739469 0.326663 0.0234936 0.700352 -0.153829 0.696629
153 0.462161 0.0759925 0.323748 0.0235005 0.700402 -0.156006 0.696094
154 0.461314 0.0756501 0.322749 0.0244482 0.701162 -0.157503 0.694958
155 0.462181 0.0754734 0.323292 0.0231674 0.702127 -0.155843 0.694402
156 0.46125 0.0773166 0.326453 0.0231749 0.705433 -0.155844 0.691043
157 0.459786 0.0769361 0.324128 0.0240845 0.70609 -0.157584 0.689945
158 0.45967 0.0763902 0.324347 0.0244934 0.707872 -0.157101 0.688212
159 0.460784 0.0749849 0.325641 0.0248736 0.710213 -0.154266 0.686426
160 0.460785 0.0734883 0.334018 0.0258442 0.716433 -0.154536 0.679834
161 0.458535 0.0746216 0.327603 0.0289967 0.716257 -0.163118 0.677884
162 0.459269 0.0735101 0.32724 0.0313212 0.718175 -0.162312 0.675943
163 0.458836 0.0721956 0.33575 0.0319779 0.724574 -0.160712 0.669434
164 0.458969 0.0730199 0.332232 0.0319801 0.725492 -0.160908 0.668392
165 0.458821 0.0724271 0.332553 0.0308763 0.726738 -0.16172 0.666892
166 0.459147 0.0724471 0.349255 0.0306059 0.737025 -0.157828 0.656466
167 0.458085 0.0756521 0.339819 0.0321199 0.735686 -0.165713 0.655953
168 0.456949 0.0740294 0.334182 0.0332877 0.734403 -0.168265 0.656682
169 0.457977 0.0760714 0.339731 0.0320277 0.738942 -0.166551 0.652073
170 0.456654 0.0767164 0.336046 0.0344885 0.738955 -0.172166 0.650473
171 0.456653 0.0764886 0.340018 0.0362074 0.742267 -0.171117 0.646875
172 0.456588 0.0762231 0.338271 0.0379705 0.743879 -0.174219 0.644089
173 0.457245 0.0733379 0.342028 0.0382471 0.746916 -0.173864 0.640644
174 0.457758 0.0759176 0.35134 0.0383768 0.752628 -0.173519 0.634011
175 0.456179 0.0735257 0.340112 0.0417265 0.749831 -0.179896 0.635334
176 0.456374 0.0751997 0.341674 0.041763 0.752681 -0.184038 0.630759
177 0.456014 0.0768805 0.346633 0.0415338 0.756294 -0.186859 0.625603
178 0.457023 0.0787918 0.348057 0.0422772 0.758654 -0.188552 0.622177
179 0.457119 0.0782007 0.346497 0.0441163 0.76002 -0.191002 0.61963
180 0.458318 0.0826318 0.348404 0.0418899 0.763323 -0.192898 0.615121
181 0.457974 0.0854809 0.346275 0.0416715 0.764925 -0.199872 0.610904
182 0.454719 0.0793917 0.353189 0.0428154 0.770123 -0.201288 0.603788
183 0.454739 0.0851327 0.354829 0.0389555 0.774378 -0.203414 0.597866
184 0.455481 0.089985 0.355633 0.0370715 0.777579 -0.207044 0.592561
185 0.455879 0.0962699 0.357509 0.034538 0.781998 -0.213779 0.584453
186 0.450138 0.0763263 0.362535 0.0347973 0.784124 -0.214351 0.58137
187 0.448924 0.0749429 0.36431 0.0345614 0.78638 -0.213481 0.578651
188 0.447647 0.0736533 0.367294 0.0332897 0.790711 -0.214728 0.572328
189 0.446856 0.078394 0.368148 0.0320383 0.792544 -0.219091 0.568196
190 0.447223 0.0817478 0.369851 0.0346551 0.793981 -0.222135 0.564845
191 0.447587 0.0816093 0.369514 0.0366266 0.794163 -0.221853 0.564575
192 0.446595 0.0790447 0.371412 0.0409368 0.795654 -0.22309 0.561685
193 0.444855 0.07623 0.374181 0.0459085 0.797848 -0.223787 0.557898
194 0.443774 0.0739597 0.375755 0.0480197 0.799444 -0.223245 0.555648
195 0.44303 0.0745756 0.376503 0.0482584 0.800298 -0.224181 0.554019
196 0.443423 0.0733324 0.377299 0.0491119 0.800707 -0.2223 0.55411
197 0.441209 0.0748375 0.378484 0.0495149 0.801842 -0.22406 0.55172
198 0.440208 0.0728664 0.379983 0.0517087 0.80278 -0.22364 0.550323
199 0.440833 0.0675303 0.38127 0.0564578 0.803448 -0.22046 0.550165
200 0.44038 0.0648384 0.382308 0.0580608 0.804445 -0.218353 0.549381
201 0.440514 0.0588689 0.383976 0.0612452 0.806126 -0.215058 0.547869
202 0.439094 0.0603616 0.386126 0.0614135 0.808315 -0.214026 0.545021
203 0.438663 0.0588151 0.387061 0.0597643 0.809487 -0.213643 0.543614
204 0.438926 0.0569776 0.388723 0.06157 0.811211 -0.213549 0.540872
205 0.435694 0.0596666 0.391636 0.0629845 0.81393 -0.216451 0.535443
206 0.431072 0.0643077 0.395202 0.0596608 0.81751 -0.220589 0.528638
207 0.429884 0.0676583 0.397723 0.0647524 0.819885 -0.22419 0.522815
208 0.42767 0.0644858 0.400732 0.0685 0.822455 -0.225252 0.51782
209 0.427669 0.0618447 0.4025 0.0737795 0.824304 -0.227085 0.513334
210 0.423332 0.0626412 0.404987 0.0732863 0.826384 -0.228247 0.509532
211 0.421786 0.0604665 0.407766 0.0771901 0.828654 -0.229539 0.504664
212 0.418845 0.0676649 0.409521 0.07565 0.830519 -0.232512 0.500454
213 0.415921 0.0684025 0.412853 0.0753744 0.833126 -0.23392 0.495481
214 0.413504 0.0700338 0.415709 0.0741839 0.8357 -0.236418 0.49011
215 0.411301 0.0735771 0.416923 0.0715518 0.836765 -0.239505 0.487179
216 0.407015 0.0725724 0.42187 0.0734641 0.840555 -0.239884 0.480132
217 0.402714 0.0728671 0.425838 0.0728989 0.843957 -0.240289 0.474007
218 0.399762 0.0772836 0.426481 0.0672748 0.84461 -0.240821 0.473407
219 0.396022 0.0759298 0.43116 0.0694707 0.848415 -0.239765 0.466774
220 0.390299 0.0732443 0.437471 0.0739283 0.853126 -0.235195 0.459775
221 0.390151 0.0674324 0.441377 0.0825319 0.855478 -0.235501 0.453746
222 0.386062 0.0740444 0.442713 0.0797646 0.854878 -0.238572 0.453768
223 0.386119 0.0690983 0.445777 0.0911022 0.854865 -0.247481 0.446833
224 0.379598 0.0780956 0.447953 0.0859457 0.856148 -0.246876 0.44573
225 0.37991 0.0692743 0.451242 0.0983636 0.857506 -0.246426 0.440774
226 0.371209 0.07735 0.455014 0.0995723 0.859349 -0.250804 0.434397
227 0.376624 0.0653469 0.4557 0.115466 0.859204 -0.256088 0.427617
228 0.37258 0.067589 0.457211 0.113416 0.860761 -0.259787 0.422774
229 0.375087 0.0608972 0.457574 0.120808 0.861083 -0.264195 0.417304
230 0.373381 0.0612115 0.459888 0.122384 0.863513 -0.266658 0.410196
231 0.373761 0.0555011 0.46141 0.127004 0.864019 -0.271626 0.404427
232 0.367831 0.058879 0.465408 0.126538 0.866522 -0.278674 0.394296
233 0.364758 0.0497619 0.469587 0.136233 0.867868 -0.283283 0.384704
234 0.356227 0.0434535 0.475782 0.141253 0.870753 -0.284484 0.375373
235 0.356204 0.0297732 0.479337 0.150376 0.871553 -0.288495 0.366815
236 0.351435 0.0198089 0.484723 0.156846 0.874339 -0.296316 0.350897
237 0.347629 0.0154309 0.488394 0.15897 0.876472 -0.297979 0.343124
238 0.349447 0.010274 0.489812 0.166459 0.876986 -0.301196 0.335362
239 0.348544 0.00942516 0.49189 0.167822 0.878894 -0.303153 0.327841
240 0.348025 0.00311764 0.495065 0.173494 0.880792 -0.302347 0.320457
241 0.340712 -0.0104125 0.500552 0.18144 0.881022 -0.306203 0.31164
242 0.327678 0.0152815 0.503982 0.154677 0.889747 -0.310453 0.296723
243 0.331653 0.0147186 0.504874 0.166359 0.889098 -0.313483 0.289063
244 0.323568 0.0152351 0.509718 0.164475 0.892219 -0.316983 0.276433
245 0.315459 0.00932924 0.514676 0.165314 0.893834 -0.320848 0.266061
246 0.309933 0.000928715 0.518442 0.170077 0.894196 -0.325123 0.25648
247 0.31473 0.00581022 0.518058 0.175435 0.894453 -0.327644 0.248649
248 0.305585 -0.00175203 0.523188 0.173826 0.896642 -0.329956 0.238635
249 0.293373 -0.016666 0.530779 0.175628 0.8985 -0.331869 0.227408
250 0.280336 -0.0296089 0.539543 0.17772 0.901202 -0.336291 0.207745
251 0.271892 -0.0382031 0.546101 0.18504 0.902628 -0.337143 0.193282
252 0.263341 -0.0418306 0.552809 0.189013 0.904423 -0.341174 0.172894
253 0.258404 -0.0418261 0.556071 0.187914 0.905815 -0.343241 0.162399
254 0.252467 -0.0473442 0.560527 0.189661 0.907193 -0.343532 0.151708
255 0.24638 -0.0498663 0.564372 0.191214 0.908179 -0.345123 0.139778
